4
4
0 50 100 0
150 0 20 0
0 0 0 30
30 0 0 0
6
0	614	222	817	122	914
171	0	697	327	380	338
199	453	0	851	119	28
691	351	488	0	542	65
984	649	224	633	0	763
674	866	787	490	35	0
9
0	806	771	168	584	41	139	956	408
559	0	176	408	833	88	438	974	800
117	929	0	69	758	653	442	766	977
196	378	630	0	461	174	339	995	112
384	919	294	655	0	278	465	330	858
847	245	659	267	384	0	150	345	671
932	529	415	447	568	525	0	599	835
230	322	956	888	784	987	32	0	63
855	692	960	42	688	109	281	118	0
10
0	153	197	556	733	209	95	20	367	960
391	0	419	647	844	831	538	897	615	266
659	890	0	940	867	261	657	358	994	794
397	523	324	0	584	545	132	506	22	246
889	97	454	364	0	210	8	841	235	89
459	817	947	996	698	0	982	782	652	446
563	689	617	370	77	312	0	241	363	371
103	180	720	403	7	774	16	0	905	57
688	624	735	917	878	101	776	247	0	623
65	73	141	640	869	554	642	682	627	0
