3
5 2
1	1	1	1	1
1	1	1	1	1
1	1	0	1	1
1	0	1	1	1
1	1	1	1	1
1	4
1	3
10  3
0	1	1	1	1	1	1	0	1	1
1	0	1	1	0	1	1	1	1	1
1	1	1	0	1	1	1	1	0	1
1	1	1	1	0	1	1	1	1	1
1	1	1	1	1	1	1	1	1	0
1	1	1	1	1	1	1	0	1	1
1	1	1	1	1	1	1	1	0	1
1	1	1	1	1	1	1	1	1	1
1	1	1	1	0	1	1	1	0	1
1	1	1	1	1	1	1	1	1	1
5	2
4	7
7	4
18	5
1	1	1	1	1	1	1	1	1	1	0	1	1	1	1	1	1	1
1	1	1	0	1	1	1	0	1	1	1	1	1	1	1	1	0	1
1	1	1	0	0	1	1	1	1	1	1	1	1	1	1	1	0	1
1	1	1	0	0	1	1	0	1	1	0	1	1	1	1	1	1	1
1	1	0	0	1	1	0	1	1	1	1	1	1	1	1	1	1	0
1	1	1	1	1	1	1	1	1	1	1	1	1	1	1	1	1	1
0	1	1	1	1	1	0	1	1	1	1	1	1	0	0	0	1	0
1	1	1	1	1	1	1	1	1	1	1	1	1	0	1	1	1	1
1	1	1	1	1	1	1	1	1	1	1	1	1	1	1	1	0	1
1	0	0	1	1	1	1	1	1	1	1	1	0	1	0	1	0	1
0	1	1	0	1	1	1	1	1	1	1	0	1	1	1	1	1	0
1	1	1	1	1	1	1	1	1	0	1	1	1	1	1	1	1	1
0	1	1	1	1	1	1	1	1	1	1	1	1	0	1	1	1	1
1	1	1	1	1	1	1	1	1	0	1	1	1	1	1	1	1	1
1	1	1	1	1	0	1	1	1	1	1	1	1	1	1	1	1	1
1	1	1	1	1	1	1	1	1	1	1	1	1	1	1	0	1	1
1	1	1	1	1	1	1	1	1	1	1	1	1	1	1	1	1	1
1	1	1	1	1	1	1	1	1	0	1	1	0	1	1	1	0	1
17	13
14	12
9	1
12	14
9	10
