50
2 2 2 2 2
2
5 7 1 243
1 2 2 113
4 4 3 3 4
5
2 5 3 251
3 6 3 54
3 7 6 231
3 4 2 19
4 4 3 186
6 6 3 8 3
5
3 5 5 268
5 4 4 172
2 4 3 261
2 1 3 94
2 6 3 298
8 5 3 10 10
5
5 8 1 288
1 7 3 299
5 8 3 240
4 7 1 146
4 4 2 142
10 5 4 12 9
3
2 2 3 334
5 2 4 234
2 3 6 127
12 12 7 5 18
5
1 7 4 315
1 4 6 163
3 8 4 74
5 2 3 247
3 3 3 261
14 11 13 21 10
8
1 8 1 217
4 4 4 187
2 5 3 94
2 5 4 84
2 7 6 67
4 5 3 161
4 6 1 99
2 7 6 247
16 10 13 24 4
1
5 8 3 106
18 13 9 13 21
6
3 4 2 171
4 4 5 91
1 3 1 158
4 2 6 110
3 1 1 105
4 4 5 97
20 17 6 29 17
8
3 3 3 245
2 3 3 228
5 7 1 121
4 3 4 261
3 5 5 191
3 1 3 348
2 1 4 142
4 3 2 297
22 13 16 7 31
1
3 2 1 147
24 21 16 29 1
7
1 3 2 256
1 5 5 202
4 8 5 286
5 6 1 316
1 2 5 345
4 3 6 130
2 5 2 188
26 20 22 25 8
4
4 1 6 139
2 7 1 274
5 5 3 174
1 3 2 200
28 16 8 22 34
6
5 7 6 254
4 3 3 384
3 2 1 177
1 6 5 179
5 3 1 151
1 8 2 205
30 25 9 9 14
2
1 7 3 289
3 4 6 200
32 13 16 21 6
8
4 1 4 299
2 5 5 263
5 5 6 246
5 7 5 306
2 1 3 388
1 5 3 156
5 6 3 185
3 4 3 99
34 18 13 50 7
2
3 1 4 361
1 6 5 368
36 24 11 25 37
8
3 7 4 349
5 2 2 186
4 1 3 235
2 2 2 367
5 5 5 333
2 4 4 363
4 1 1 410
4 5 2 218
38 25 33 35 23
2
3 6 1 243
4 1 2 142
40 19 34 8 2
4
1 5 4 251
1 8 1 267
3 7 2 202
2 3 4 371
42 36 18 56 4
4
3 2 3 353
1 2 4 195
1 8 5 282
4 3 3 300
44 22 19 48 27
4
3 4 6 254
4 4 3 183
5 8 2 357
1 6 3 218
46 27 15 46 11
7
2 2 3 285
2 2 1 311
4 2 1 274
1 8 3 312
3 1 3 334
2 2 3 209
3 3 5 341
48 45 36 66 72
3
4 6 5 355
1 2 4 388
1 5 3 361
50 33 18 65 32
6
5 8 5 332
5 5 2 366
2 2 5 233
2 6 2 179
3 1 4 210
1 5 2 346
52 41 29 11 48
6
5 8 6 394
4 3 2 360
5 7 6 434
5 3 5 211
1 4 4 353
3 1 5 272
54 49 19 81 39
5
4 2 5 226
5 1 4 402
4 7 1 307
3 1 3 213
4 6 4 269
56 23 20 72 22
7
4 4 1 391
5 8 4 212
3 1 3 339
5 1 5 421
4 7 1 371
2 8 6 391
4 6 4 423
58 50 30 68 59
3
1 7 3 306
1 2 2 338
1 5 3 245
60 48 27 79 53
5
2 6 4 328
2 5 2 445
2 1 6 315
2 5 3 359
1 8 4 444
62 24 53 88 2
7
1 7 5 229
2 5 5 478
5 8 3 374
4 5 6 339
4 1 3 364
1 4 6 290
2 4 6 458
64 42 53 35 22
5
1 3 6 428
4 4 1 253
4 2 2 450
1 2 3 307
4 6 3 318
66 25 28 99 59
6
5 2 4 316
2 1 4 349
1 3 4 288
3 3 6 256
5 5 2 306
1 8 5 361
68 41 25 79 71
6
4 1 6 449
4 5 3 304
2 6 3 325
3 2 4 297
2 6 1 481
4 7 3 315
70 26 62 10 95
6
1 3 1 433
2 8 4 312
2 6 5 443
5 8 5 446
2 2 5 463
2 5 1 428
72 26 64 41 77
4
5 2 5 492
4 5 5 475
4 1 4 433
5 8 3 348
74 70 63 73 43
7
4 7 1 336
2 5 5 331
3 3 3 512
3 3 3 335
1 5 3 478
3 1 5 300
1 3 4 407
76 31 24 65 58
5
1 2 6 381
1 5 5 350
1 4 1 447
4 3 3 388
5 7 4 421
78 36 23 55 54
8
1 2 3 486
2 5 4 401
4 7 6 516
3 1 2 272
2 3 1 307
1 2 6 341
4 1 5 331
2 6 3 460
80 55 57 67 77
6
5 1 3 396
2 6 4 271
1 2 5 445
5 1 5 342
5 5 4 467
2 5 5 375
82 63 41 98 91
8
5 7 3 508
1 5 5 340
1 5 1 488
3 4 2 270
1 3 1 469
2 5 3 360
3 3 4 439
4 8 6 290
84 24 57 77 24
5
2 5 4 353
3 5 3 392
4 7 4 383
4 4 1 448
1 8 5 312
86 42 56 37 70
8
4 7 6 351
2 5 2 396
2 8 6 481
3 1 2 537
4 6 2 335
1 1 6 542
3 7 6 436
3 2 6 389
88 73 83 86 63
6
3 3 1 284
1 8 6 552
1 2 6 514
3 3 1 479
4 4 3 380
4 7 1 442
90 79 29 37 64
7
3 2 1 433
1 7 5 325
4 5 6 311
1 6 6 341
4 1 5 293
3 2 3 321
1 8 6 347
92 38 51 54 57
8
4 5 2 573
4 1 6 344
1 2 4 436
4 4 4 440
2 1 1 531
5 5 1 312
1 8 6 391
4 5 2 418
94 93 25 8 55
4
5 5 2 441
1 6 3 385
3 2 4 412
2 5 3 390
96 96 67 138 16
6
5 1 1 414
4 6 6 378
2 3 1 573
2 1 3 370
2 5 1 361
4 7 5 380
98 51 34 145 124
7
3 4 5 551
2 7 2 320
4 7 4 377
2 5 1 397
4 2 1 383
2 4 3 367
5 1 2 529
100 48 94 80 15
5
1 8 4 428
2 3 3 364
3 6 1 469
5 1 5 407
1 6 2 546
